
name: Task 2 test 1
description: Custom classifier on DrugLib dataset
accuracyScore: 0.7861736334405145
precisionScore: 0.7624521072796935
recallScore: 0.737037037037037
amiScore: 0.24335689220174145
